1481960951
5476047351
3239610113
2834817000
8366273442
2066171939
8363425799
3331234269
2863209630
1403196147
0015267395
0557508260
5560806838
2962920535
4094354352
7359137012
9917145462
9130504459
6674684381
5088222262
5949290718
8851863175
7651122877
9314411631
5355233064
6986418928
5050623390
2651906248
8696441575
9855326267
0861653490
4154753784
4118851832
8097403931
7819176270
6709433261
6607112887
5923080565
4332204833
9498021821
7871499098
5427056350
2566929783
7012125916
9299347473
2153435395
7904971258
4764234490
6500555934
5660412692
6323713222
6220022400
5789022404
8259674748
7966669800
8346151950
0295179980
9087143350
7708360859
0998577825
7289475318
2011798824
2429935690
1181437109
2431948996
1881270817
8147130606
6654397499
8690301865
0836440058
3397790968
4870273200
5266263066
0468914557
3502455432
7494299911
5787488923
9504062891
8231891963
4829173688
4441075021
5453834996
7678833218
2643701134
6645395709
6652958755
2152305987
3109527949
9127220077
8893864174
4508812994
4973804431
6644534277
0659641067
7501132568
6014068537
9369265604
9079791797
0263979270
6284836473
5654612832
2056757570
6077127410
9278168586
0619311458
7098243789
3536147216
9795435006
4435224221
4049919204
5659169849
2029373146
6060782528
6830225689
6456500188
0982307749
3700038876
1979420310
1210319285
5787665105
4811402146
6169200143
3831090499
9583648310
6658293480
9865833800
3941786514
6109284969
2522511449
3363972833
0164909553
0938189754
4192613628
4936342831
5681437083
0342070271
5826554193
7588441255
0594140285
4906908755
7057725282
7935229108
5779712791
9349078418
0764999501
8401658242
8646604994
6176564318
3639440825
2795891789
3239111979
7438889618
7250061779
0840977552
2369122637
1098129958
5912010764
2033256047
4242368029
0643208643
3482655752
1720429304
0908772750
9708422927
5768090335
8406698710
9912283839
8024538914
3644293166
3533554440
6706461967
0393604313
0555047683
6666603300
0283382624
5784782595
0226459159
9803962345
8165305281
4282145387
5568690434
1578900175
2867083024
9336355296
8489774537
6231535063
4410621683
4662663173
8327994272
0110450004
7451121665
5899748907
5508098056
5189619092
7737855692
7435288730
5537348812
6538054970
6379641187
9967230009
4147036912
6357974708
0704523114
4403134442
9947452030
6052659330
1857220121
4335251647
1058147094
2065056836
0530909695
9312826612
9728260766
7411891767
7124082851
2974358738
1957033668
9313966363
7176028117
2907713955
7005025548
8386491708
3276960160
9008704525
3580345167
1153784359
1478340274
2912036225
5112004600
2485325446
6666024546
1623328081
7907123563
6720384194
7311875528
1526280127
3377402840
5605484309
7937390426
6328032529
4897119715
9744849381
7688418280
0178193228
4847234599
8731989648
3603636492
1045695078
5432966501
0480529583
9468983781
6957196346
4829526040
3286763164
4971124974
6105972364
6378225557
1025838457
9921231965
2783690696
7883348204
7561234910
4327979029
5105216793
3458424489
4231278453
3781023012
1034890921
8639588152
3538956604
8847950652
8330801493
7416890338
2797044614
4955259069
6757767445
1311948281
8787716162
3299369183
0168739898
4118970935
7197084535
3269482811
4926089817
4131953280
0686019445
0675679866
8189710691
5339041915
5345241726
1555557530
0973551048
7027043035
6078643223
1492469033
8362349981
4938027199
2535211207
4230647462
8444488884
3352666646
5082711234
7434685915
6121257871
6881636225
8996217465
0154633785
7647797023
3728988786
2406749297
7856367638
7571874490
0584848967
8719478120
5964137615
7930565757
5236170478
4735846194
9557139789
2922612203
3329445598
9834075499
0411335252
7992977764
1302461163
6506562643
2669236042
1296056524
6704956609
7613060316
9133270115
9637758645
2672931087
2278305274
4588704947
3206502950
6840847947
7278581382
8856750649
1993941078
2176980244
4031025578
8278186840
7835010601
5818650666
0843494224
0419541363
3126211570
1144348854
9204609336
6543670131
2846666588
7216641703
5804261463
3474910188
2874062696
7568399354
7405386878
7869027784
5248098405
1372867355
4847650577
9098901191
1843205101
0171400494
6354158703
4978874713
0950714392
8974969533
0144098095
7508379809
3586421482
7194257161
6947085812
1545594804
7269059966
3108688491
7874248125
8643052419
8124393797
0512602275
5744479575
4651461595
6793639412
1205231867
5183366395
6308055406
8092728849
9880600829
8597702759
6322353497
7867967172
5710438638
6302145260
9920199314
7086101103
3362824253
0652447523
0491592845
5294208733
7925209075
3312979156
6423846010
9657482161
3732359307
8081343609
5865519835
3017656457
2730234287
8705137884
6489172097
1278847095
8298185313
7174379250
6882893803
5710132173
9699929323
6518474135
6665533350
6991812969
4276256115
8660107728
4880717750
0164797053
1534197814
1826085290
3441057477
8164103711
0539255670
5536271121
2030405249
8032399673
9243566957
4451364609
3250275323
8092633069
1677533665
2954984704
6076759116
7338101784
8133647814
3399961324
8384809567
1561061466
4307080924
9401995449
8362614487
6982539069
2938617751
9899780905
7114354243
3419332764
6370229194
4828637663
8693148965
4009627024
1321050186
6682298355
5698989065
9771582623
6918602590
8447664526
4391997650
2587248051
5456475928
6871147132
5381093712
4971576373
3184286620
3325643692
9551335777
2536728398
9679871220
7455412392
7342005424
3933840284
5284861005
2287980613
7087167227
3419866049
8357255157
8510625536
5464931396
8937557572
6706515901
9235298724
1932683612
4520363996
7901266730
6105238028
0578571791
8243079718
8443301529
8022349374
9721993841
3712334306
1345165206
7506131519
7678565642
2276791269
7734385025
4076516733
9628035823
3846943449
8822218328
2789880967
5477775961
7968152000
4556097033
4857161773
0343067659
7006927336
5004348454
1486178106
6111157972
6880987704
0262598288
7908828362
8879930410
1980558144
8244054621
4496666834
0842625437
0432673876
5732055078
8785662731
6265875906
6628191741
0087879757
4485957233
6863145069
1277476928
1614209188
1342492232
3951357563
5099959926
2283431533
2508523516
6199214690
9651898849
8012516007
8407635895
0011678850
3960913142
0051239482
5382337427
3069800407
6008539327
6514934825
4172234012
2113513975
0761406687
3798340107
5998907264
2714806856
2062095093
0958957576
2607527020
0655739429
9542855274
2405662203
3416694611
2282813946
5317134127
1379310843
9798731633
0179952455
0060910878
5369104187
9414338030
1241889034
4941565378
0996897892
4874587303
3313933230
0510543204
7438180795
3204338858
1097636075
9426483402
8586241018
2650365039
5345632427
4010542648
3313210379
8924307595
8627589812
2372332126
3868552613
1548173212
2991523137
1890282524
8447233914
8811725319
1164034943
5536402318
9026700689
1946652989
2035824109
5726996618
7934632431
9787741291
7658640070
3844534275
2058266471
9678258740
8551099974
7691075005
1791750825
0784633534
4923427078
5757032992
1126197811
4623052644
3405298235
3854107125
6133815596
0538467834
2150720220
7140573031
2304056909
9148605045
8484844221
7946960098
0502906751
1366504367
5356414096
0687121364
0357235012
5260012459
5528342645
3531601444
9853825653
8169873496
7652404807
5517469775
1049785853
2291823114
2503812305
7149340542
4312848179
7709663011
7975289964
9439203133
2096507525
3844175868
3684218054
0537238892
4134504734
7046620242
6634402060
0036696592
8610781609
4941618689
1954332549
4484014245
6669831907
9763343210
1416857618
4575389786
3730575540
2081981299
7816733159
5922009878
5201216521
3939457562
7610686485
3500150019
8332744288
0677749536
4831726560
9366930273
04car90268
8302807911
5934225539
1087555491
5817507650
8403538858
0043598010
5309511093
9720806563
9033971085
5377282950
7950677294
4866973499
6531390136
6615573198
5202015221
7943000138
7829446411
3262378653
3198263292
7274309582
9293540952
3896953458
2804742958
7193722806
7248102597
3330457462
7635531246
8724710208
0347301752
9656173203
7343356233
5268360822
6441679166
5879757258
9622608929
4015684151
4986845364
3562019507
1172334330
6411621969
0585691077
1856022104
0070647180
0249328632
6066719693
3592795343
8166357430
8328367115
8587593573
4639300511
4607775035
2517713573
4455877971
3549951104
5012172864
7510510318
3289336625
2913196914
5275541647
4224583901
5203019324
8567684064
7794910499
6417606274
9702866854
2741537735
1615465294
9893219803
4419961246
1188757807
7729074923
4865638442
2821805349
6659085198
2586494424
3658391062
8243602903
8142699771
4825124390
7528488533
3771056257
3145531349
1483641619
4149288003
3719431481
3977682604
8992094540
3479790059
1985636712
6800827125
7378289385
1713703525
5808865862
9933263136
5004651904
5377266241
6460142418
1609421152
0234778487
2607494454
2034615071
2291338206
7292522290
8667484994
5154716383
0652031580
1151225824
4091963180
6304461622
2783966049
8427268071
5656818046
9142794572
8623231243
3597097890
1045727642
3195995235
0751538549
5384444479
5725504427
8025520543
0624862166
2547199944
9609909433
5879165355
7535846999
7188325191
5591722521
3949552652
8614450471
9647942480
7809384316
2602540966
7246724969
3772306842
6429720499
8678412434
1402668737
5534883758
2144217316
1679576528
0978694426
1105147101
3027448976
3578698457
3021308319
3402697025
6043532670
0260036671
9003828562
0071334097
0955409925
1927165654
3852798447
7300285886
9848769639
3120081551
0833503707
9127053297
7522837397
9797170714
2100268939
5974647843
4517991057
9335963080
7257784605
3353312330
7884109719
0920114259
4249009827
1806583543
2128962202
7579875775
3162365882
6938411001
7842342658
4279140693
5365484503
2866929751
3729828237
7243103636
9146475599
0658348383
0763122930
9941830946
1824800999
9897583434
9797314237
8486053267
3264370392
4842130144
3123426957
1297507928
7718651382
6761403411
3466905339
9860903504
6891892472
1485627570
6864099107
0008825268
7696024224
2168362560
8101390949
9376157724
9336766758
5422895304
3824738521
0060179941
0862999671
1719685430
1147462781
6284305755
5238414378
9217153203
0467590511
2741012965
5902598488
5244703130
0451725536
4157274684
3664730520
7947627535
6110403112
6119275578
8599507825
1623922582
1182024760
7960205351
8183088062
7002935647
2933160924
0188746310
8508006410
6745168175
8446260778
1244606033
1708904604
4964869212
2907886704
9053487001
7216192412
7723583660
6153865626
7202170754
7940776256
7685539597
4721725444
7168920092
5447224789
3756170804
5906598803
7672663387
1170357325
6204880841
9310300675
7825012642
1222815928
8739890418
9172478782
8390369146
8852384818
0357245995
2232638968
1465633126
5297360186
5834614262
3328208763
9976882152
8279849665
0324154067
8649838063
6954877144
3462848158
6941383690
3059747485
6409380664
2407172495
1873590832
5641508764
3534941606
9292424892
5220906988
3655617693
9640996692
7383776380
0171196003
9911446290
9928222222
3035854497
9941392701
2104668189
1252446202
9412341432
1794128625
3539920818
1404419606
3648379477
2018001382
0502736309
9975530679
5202517435
9851867948
3038365756
2181160846
6994250463
6608877941
9529076135
2891843973
8137371659
2861846794
0655520113
0016003057
6032594064
6636766770
3459814818
4235836979
0662810684
3180326976
5300113604
8579979701
1803663407
3146234160
0909579643
1591931575
4413637391
2264691506
